1 1 2 1 14
2 2 2 1 15
3 3 14 1 15
4 1 1 2 3
5 2 1 2 16
6 3 3 2 16
7 4 2 3 4
8 5 2 3 17
9 6 4 3 17
10 7 3 4 5
11 8 3 4 13
12 9 5 4 13
13 10 4 5 6
14 7 5 6 7
15 9 5 6 11
16 8 7 6 11
17 4 6 7 8
18 6 6 7 18
19 5 8 7 18
20 1 7 8 9
21 3 7 8 19
22 2 9 8 19
23 1 8 9 10
24 2 8 9 20
25 3 10 9 20
26 11 9 10 11
27 5 9 10 21
28 12 11 10 21
29 13 6 11 10
30 14 6 11 12
31 15 10 11 12
32 16 11 12 13
33 17 11 12 22
34 17 13 12 22
35 14 4 13 12
36 13 4 13 14
37 15 12 13 14
38 11 1 14 13
39 5 1 14 23
40 12 13 14 23
