1 1 14 1 2 3
2 1 14 1 2 16
3 2 15 1 2 3
4 1 15 1 2 16
5 3 2 1 14 13
6 3 2 1 14 23
7 4 15 1 14 13
8 3 15 1 14 23
9 5 1 2 3 4
10 5 1 2 3 17
11 6 16 2 3 4
12 5 16 2 3 17
13 7 2 3 4 13
14 7 2 3 4 5
15 8 17 3 4 13
16 7 17 3 4 5
17 9 3 4 5 6
18 10 13 4 5 6
19 11 14 13 4 3
20 11 14 13 4 5
21 12 12 13 4 3
22 11 12 13 4 5
23 9 7 6 5 4
24 10 11 6 5 4
25 7 8 7 6 11
26 7 8 7 6 5
27 8 18 7 6 11
28 7 18 7 6 5
29 11 10 11 6 7
30 11 10 11 6 5
31 12 12 11 6 7
32 11 12 11 6 5
33 5 9 8 7 6
34 5 9 8 7 18
35 6 19 8 7 6
36 5 19 8 7 18
37 1 7 8 9 10
38 1 7 8 9 20
39 2 19 8 9 10
40 1 19 8 9 20
41 3 8 9 10 11
42 3 8 9 10 21
43 4 20 9 10 11
44 3 20 9 10 21
45 13 9 10 11 12
46 13 9 10 11 6
47 14 21 10 11 12
48 13 21 10 11 6
49 15 13 12 11 10
50 15 13 12 11 6
51 16 22 12 11 10
52 15 22 12 11 6
53 15 11 12 13 14
54 15 11 12 13 4
55 16 22 12 13 14
56 15 22 12 13 4
57 13 1 14 13 12
58 13 1 14 13 4
59 14 23 14 13 12
60 13 23 14 13 4
61 17 2 14 1 15
62 17 14 15 1 2
63 17 15 2 1 14
64 17 14 2 1 15
65 17 2 15 1 14
66 17 15 14 1 2
67 17 1 3 2 16
68 17 3 16 2 1
69 17 16 1 2 3
70 17 3 1 2 16
71 17 1 16 2 3
72 17 16 3 2 1
73 18 2 4 3 17
74 18 4 17 3 2
75 18 17 2 3 4
76 18 4 2 3 17
77 18 2 17 3 4
78 18 17 4 3 2
79 19 3 13 4 5
80 19 13 5 4 3
81 19 5 3 4 13
82 19 13 3 4 5
83 19 3 5 4 13
84 19 5 13 4 3
85 19 7 11 6 5
86 19 11 5 6 7
87 19 5 7 6 11
88 19 11 7 6 5
89 19 7 5 6 11
90 19 5 11 6 7
91 18 8 6 7 18
92 18 6 18 7 8
93 18 18 8 7 6
94 18 6 8 7 18
95 18 8 18 7 6
96 18 18 6 7 8
97 17 9 7 8 19
98 17 7 19 8 9
99 17 19 9 8 7
100 17 7 9 8 19
101 17 9 19 8 7
102 17 19 7 8 9
103 17 8 10 9 20
104 17 10 20 9 8
105 17 20 8 9 10
106 17 10 8 9 20
107 17 8 20 9 10
108 17 20 10 9 8
109 20 9 11 10 21
110 20 11 21 10 9
111 20 21 9 10 11
112 20 11 9 10 21
113 20 9 21 10 11
114 20 21 11 10 9
115 21 10 12 11 6
116 21 12 6 11 10
117 21 6 10 11 12
118 21 12 10 11 6
119 21 10 6 11 12
120 21 6 12 11 10
121 22 22 11 12 13
122 22 11 13 12 22
123 22 13 22 12 11
124 22 11 22 12 13
125 22 22 13 12 11
126 22 13 11 12 22
127 21 14 12 13 4
128 21 12 4 13 14
129 21 4 14 13 12
130 21 12 14 13 4
131 21 14 4 13 12
132 21 4 12 13 14
133 20 1 13 14 23
134 20 13 23 14 1
135 20 23 1 14 13
136 20 13 1 14 23
137 20 1 23 14 13
138 20 23 13 14 1
